0 & 3335 & 6874 & 6965 & 6380 & 9302 & 2182 & 2668 & 9645 & 
3335 & 0 & 2057 & 9364 & 3464 & 4552 & 6097 & 5318 & 4220 & 
6874 & 2057 & 0 & 2695 & 5333 & 8417 & 2209 & 4219 & 9177 & 
6965 & 9364 & 2695 & 0 & 1073 & 3715 & 1777 & 6458 & 1082 & 
6380 & 3464 & 5333 & 1073 & 0 & 3111 & 3677 & 5733 & 2078 & 
9302 & 4552 & 8417 & 3715 & 3111 & 0 & 8884 & 7863 & 3266 & 
2182 & 6097 & 2209 & 1777 & 3677 & 8884 & 0 & 7885 & 1221 & 
2668 & 5318 & 4219 & 6458 & 5733 & 7863 & 7885 & 0 & 9604 & 
9645 & 4220 & 9177 & 1082 & 2078 & 3266 & 1221 & 9604 & 0 & 
