7
0 95 76 38 32 74 82 
95 0 14 95 30 60 22 
76 14 0 58 22 86 67 
38 95 58 0 87 26 30 
32 30 22 87 0 91 25 
74 60 86 26 91 0 78 
82 22 67 30 25 78 0 
