6
0 32 53 87 90 8 
32 0 29 15 47 67 
53 29 0 25 91 59 
87 15 25 0 63 90 
90 47 91 63 0 94 
8 67 59 90 94 0 
