9
0 26 33 39 18 34 33 11 14 
26 0 22 35 30 13 7 34 30 
33 22 0 23 35 23 10 25 0 
39 35 23 0 35 31 39 10 38 
18 30 35 35 0 40 39 20 14 
34 13 23 31 40 0 29 31 8 
33 7 10 39 39 29 0 32 1 
11 34 25 10 20 31 32 0 16 
14 30 0 38 14 8 1 16 0 
