10
0 20 80 35 42 65 5 16 57 55 
20 0 25 62 20 23 25 22 28 22 
80 25 0 43 18 46 31 36 41 9 
35 62 43 0 10 27 36 63 22 69 
42 20 18 10 0 55 55 75 28 2 
65 23 46 27 55 0 46 73 40 88 
5 25 31 36 55 46 0 27 6 78 
16 22 36 63 75 73 27 0 69 79 
57 28 41 22 28 40 6 69 0 91 
55 22 9 69 2 88 78 79 91 0 
