12
0 64 9 46 71 83 22 78 17 66 82 25 
64 0 22 6 52 89 85 37 79 51 28 83 
9 22 0 8 25 14 73 46 55 43 4 97 
46 6 8 0 16 25 62 64 73 89 45 4 
71 52 25 16 0 54 58 76 8 26 11 89 
83 89 14 25 54 0 75 71 9 32 15 60 
22 85 73 62 58 75 0 21 4 3 12 96 
78 37 46 64 76 71 21 0 84 8 100 6 
17 79 55 73 8 9 4 84 0 98 86 8 
66 51 43 89 26 32 3 8 98 0 71 23 
82 28 4 45 11 15 12 100 86 71 0 82 
25 83 97 4 89 60 96 6 8 23 82 0 
